34
117
115
101
32
99
108
105
101
110
116
34
13
10
10
105
109
112
111
114
116
32
123
32
117
115
101
69
102
102
101
99
116
44
32
117
115
101
77
101
109
111
44
32
117
115
101
83
116
97
116
101
44
32
117
115
101
67
97
108
108
98
97
99
107
44
32
117
115
101
82
101
102
44
32
116
121
112
101
32
67
83
83
80
114
111
112
101
114
116
105
101
115
44
32
116
121
112
101
32
70
111
114
109
69
118
101
110
116
44
32
116
121
112
101
32
84
111
117
99
104
69
118
101
110
116
32
125
32
102
114
111
109
32
34
114
101
97
99
116
